Id,SalePrice
2658,156720.99904619413
2718,208161.62656928622
2414,201094.80052052485
1989,113880.61065517901
625,173147.2734232843
333,86322.67389328056
1327,113556.80983445421
858,152542.18449039687
95,215107.66010317765
1568,172641.6105837447
2482,176643.0497077736
1364,139217.87188312132
2584,165569.7283017994
818,276450.0431636318
2673,175728.17955892743
2089,157205.0610419144
1297,143307.24567405577
790,118225.32376924367
2616,213929.26865217462
720,196228.87717424752
222,135582.88376520597
557,103764.14133147127
1148,212302.3628291001
2766,142595.69931407436
534,210314.0998484001
1452,111050.77549381927
630,137975.414307395
2648,135238.1904482965
125,144233.78912869468
1904,23462.736419483786
1670,86890.84636703576
756,80216.72965352633
717,235218.40069261845
1032,147018.03002385376
852,229640.43887853436
1731,197485.31086568255
2639,120433.75340480614
2071,83166.47860082355
1267,116076.6822030833
1851,217238.88857547287
567,165477.87576269777
2439,225486.96265981114
1898,155512.74801871763
647,155186.44548986643
2256,221131.89779093722
979,118534.87903411104
1444,221447.02235590364
2485,115002.83211010275
157,120593.58388784784
88,120055.96401187801
2003,109253.44468386704
186,237778.63193165325
1425,267062.11462647514
2695,127313.13557288749
738,98795.54350467026
395,157297.04651549016
1353,188568.1061919427
1878,150561.08087936253
390,186990.6271565922
1456,226913.23169139586
1103,294350.8299778772
1387,109634.01472996618
2070,141053.51810694626
1199,192977.85206672503
2479,179442.15292486548
501,296867.0121006272
2362,86890.84636703576
1718,193463.92547659436
2188,54158.89384996728
1483,153874.89201949537
2557,56244.86630446813
437,304859.21064179763
2224,185276.5930693606
1628,195705.43935894826
397,126205.73090866744
587,206727.50630421843
971,194888.5982196501
2611,163910.3891922054
1887,103970.01263091806
2399,302412.2711643856
2148,227496.55139625166
304,123418.18401451828
1997,123166.87405928038
2817,98149.87492388487
1431,179185.49695260008
427,304355.07727194484
263,112071.25141009875
598,172153.7089061162
2895,257662.8098433111
687,169776.42381194932
1822,128332.57682140009
2191,95372.43035071716
179,147771.1365207634
1009,221884.36853458593
2010,121725.05290259654
1991,149544.7305903996
1411,155302.61539407028
1721,261212.27409790084
1144,189491.01334883086
593,234251.58017903543
575,263784.4158987608
1249,202848.45093559497
1604,124335.77753572818
1064,383095.8782737686
1923,156416.79674487188
1988,109903.02691013436
2325,171323.44215951418
114,201973.86408916372
2700,218625.59536738438
217,167069.7897551211
343,183835.49397323118
386,253190.3311605975
2005,133764.51324931253
2908,157044.04534278158
1814,227823.25433545583
2446,407001.87281921273
208,144374.74606653303
1679,120967.30493542971
822,299640.9700625655
6,187952.15167357493
1781,342885.574939969
2397,263694.2798377373
2340,297143.468241967
1618,175971.81479396485
2843,127209.01853396627
1061,314125.5855673584
2786,111050.77549381927
1935,127596.63555636606
1341,105878.23091249797
521,283139.6201043518
2136,127391.84585384908
996,190185.61024921015
227,129520.36404570006
135,165895.46796360798
1167,179525.65971717658
294,223285.2189119379
1776,223155.08846158534
540,199801.3180485512
1717,193463.92547659436
2303,114255.50599104888
116,188836.17622715468
127,129331.90117963916
1371,142530.55371851125
1014,172663.8120361336
1507,124312.50138033857
702,152306.41359819495
750,156443.5475312292
261,155045.41170293838
1559,46457.65660661901
577,237481.84873192292
2812,217735.25842745416
2080,162224.4636640055
1368,148589.77070246614
2376,110800.09680522722
659,99257.4451668642
1235,119688.89397400641
332,84997.83131830837
1917,143606.06171575817
2094,229996.63505998347
1460,271763.01402636804
1471,204407.13017748878
1509,121294.73235521233
1922,131703.74716823758
433,403093.65400046716
460,277190.4999044137
1116,262640.0523225968
1137,176151.62687990768
53,203443.78340354608
2354,250297.7001031877
1475,227630.83873556438
1761,469134.21906143334
842,136657.64760981826
2739,163614.16576317558
2509,182208.77514610463
1007,228603.86890054168
2610,182335.95051254984
1952,71451.20752916997
2719,206630.91269486677
2921,84997.83131830837
1966,135246.7114067932
292,128270.89727097144
1204,215054.33621464088
1829,253203.11638663197
2419,203773.19532872108
391,176692.1625592739
798,127516.77640679269
481,204278.47011198616
193,217597.29671414895
555,114291.16314299358
899,58630.9827569779
2357,195508.8247238535
328,118601.40921619278
1356,122182.01166884298
1154,105088.98390644346
1730,182131.46859109472
2249,142094.47676501214
1119,253841.24164689193
2856,125499.5641569104
1394,151245.0462648091
2587,124348.17926692124
61,302113.9257446043
2661,217693.9311525356
2711,134691.45125338482
1147,185914.36853005923
757,145328.3501436601
2623,88457.21739339991
2378,163772.86775855324
1413,149203.34156721225
1722,245564.97671494656
1112,207921.50675598602
1623,194843.29531554086
1201,185316.48040222027
1513,105809.50856833044
957,252054.84740037448
1171,280136.32061609114
1145,209954.79688786808
2726,235861.5200792132
703,172711.0969963048
760,66588.35309705511
1964,131424.9723580631
2512,196315.1509762106
159,155665.03033534042
1281,175870.6018446074
468,181184.87383273058
290,115002.49898444489
665,84632.3547811152
1463,276995.7594672458
1792,235690.87411532458
923,137882.94085718226
500,257808.46598908817
1408,166815.87864606222
331,68164.22524520895
170,114326.309634506
2192,68638.53639515932
2571,290549.3165154632
2314,172277.06754591828
2647,86181.34854733315
422,350592.25447247457
2457,307044.9946924343
1838,221365.5996297365
2805,259744.25122521003
1645,177703.75789459795
1711,285158.81824222207
2825,257000.78141837218
322,325301.3953205431
2103,270123.54237531405
342,124970.01864961674
600,82665.63995352667
488,201494.33618367882
1725,311649.4580688847
2246,267568.69660625514
2847,178525.0961548402
806,259576.04537123675
530,236735.06871489692
963,191238.51948485896
2678,52172.95267793629
171,86945.96657560323
2401,349636.8150517887
805,226610.50101614418
2259,256883.71261504013
1748,197212.3989029294
1361,148215.12930534175
1677,143674.6320640177
1406,141011.16264143167
2322,234053.4021015945
688,177383.4197289932
143,139382.3030420125
804,218647.45123617002
1214,170067.949684412
2828,173904.80374790146
1999,202457.82225642214
2467,209213.75300337002
2665,178936.87880053627
1538,337677.63475954905
398,86738.66303768964
2822,135595.88545463094
2157,153212.47073200904
1856,163327.82992263907
1269,112124.80455207732
2570,121577.66247721948
2320,246725.18590434105
1517,137417.92238306743
2304,133309.74919232028
1312,97264.58159997594
2012,132968.39332148177
506,221740.50787746115
2865,193748.05122279655
2367,125655.84560861113
554,105097.68269845145
238,124263.13960723137
1954,105805.09316403046
2488,190290.1026023561
2291,88972.35904322541
1969,108951.56057255925
2725,159056.5666777566
1482,153874.89201949537
2763,209710.33326535742
503,236949.76132595143
1584,249530.48903078586
1531,142685.75881671044
2210,173236.19058300974
459,313906.0809220872
556,124227.48245528666
1347,149304.88272479363
1290,76711.74633745267
1388,114514.93043247424
1571,178357.59238682757
2754,216114.69269735157
765,139516.72520944756
2494,120020.17203181097
2870,183880.6590107812
7,239531.60116743646
1114,240265.95604930283
2418,278731.6078969531
291,167437.69852051744
18,312531.2063553736
39,319330.7231522114
1001,266135.55895084096
2442,246494.85192423454
616,116637.28549481463
2680,67252.8403418595
1414,106349.76745175757
289,132131.02258215682
40,262667.74803382624
860,113601.9652845182
409,144681.45853577857
673,152402.0725902561
2427,202844.84980735648
2036,214727.94605416642
2564,149691.53211362893
642,186986.61647836166
1008,185278.47435871908
1908,147201.95062671322
2519,216861.66918215924
1369,87546.26093616104
2855,177036.64695437835
712,81071.65700921579
1943,107477.82706813468
1958,137315.7936284542
107,178848.94130074303
2295,188831.3989957373
704,107303.2296382857
676,121511.45353221404
259,186845.36449617124
93,277468.98558972427
106,248454.82735782373
2315,190534.39588826546
1050,109457.35824022116
1095,204609.24906937266
2709,124746.60099438205
758,192631.26731282426
1496,162432.70169792953
2370,143012.2107765316
2458,270226.47802503756
2733,117469.19704723521
161,304435.96079856623
726,149474.5378947833
845,223128.17706247396
947,260742.3075648551
2232,138749.82903975155
2563,153095.13255185564
2299,144046.3782596509
211,96434.90011267737
605,179333.0471062644
1478,234662.004284597
2247,267568.69660625514
2274,165297.06296694162
2869,180948.93546849606
967,238901.1460291983
2656,95172.26560986903
667,224762.98328839242
1042,124993.42432112526
2023,160878.25320303743
2447,339971.8983473608
2055,134230.46097486792
2275,280409.6852194406
2204,174643.89487959002
1563,268029.68688477203
483,218796.5138490037
796,134732.16798629775
1526,152599.90252811043
2042,180068.16550022294
442,307124.4601152828
1693,291973.8185805953
1468,222966.67688057083
1430,196309.41254854528
2605,192393.1689882893
1529,199292.7905103343
335,131979.41235850705
1287,137834.17241545208
31,107834.83502046368
1785,253514.24697090453
82,173022.98758792342
2620,105715.95836978406
252,212319.25970089226
721,55655.74893806246
2165,196507.45723539963
2316,178181.36053677206
775,117164.75041054143
1558,47896.93794071302
17,245536.85801037145
1022,239728.6718639289
925,107001.0924082757
438,275073.7386273658
1270,157782.22122463514
1272,118288.02714842209
215,123324.92883577012
266,225258.5767575237
2402,257574.03862337768
1250,104623.41850932641
1984,107656.56992096198
1279,143355.1438808064
377,275780.9801188456
1252,185615.31666166312
2156,266157.02344523
499,294501.0677904468
1374,109077.64828417636
2898,262524.4693397158
401,87401.08432517573
2721,194666.7834561707
2078,267350.5188118606
2589,116117.22826702776
1946,229631.45312499837
1334,132991.80538653303
2781,234125.98887370946
431,348802.5591381998
576,216758.73353243596
1474,216454.636962065
2254,163604.7207418508
2155,291244.3800337699
885,112312.96703904681
643,138952.31481883884
1944,115485.99621244147
480,211354.59446112206
2845,99782.4903519305
2387,283635.18668961804
2407,222063.81289728964
2527,150931.0749322914
2514,174644.2699198809
629,176289.30054133548
80,220706.5652129252
1876,137502.5499478774
1546,140316.76446473086
2518,166603.794745757
2347,159576.85468107904
783,171341.47655789647
1322,22032.180113939103
194,56475.945550668286
1770,264412.9765769839
2143,119971.76226408384
1229,205488.18221928691
511,274460.56501950254
46,223863.10145033477
1348,184203.70834312472
2465,206952.72561654705
387,247948.98223191476
873,220931.38592220843
1918,112697.74588939548
2764,244402.68289305968
2184,123665.97957176575
934,148348.97019114485
1920,128937.11892195069
2631,144597.52356172306
1768,461990.6224174914
2040,102777.97413763194
1749,228626.09416586463
834,215162.8295183701
1457,252824.79105344508
79,132462.65893953433
2302,113593.08470356278
1817,120038.2028499667
2755,242983.569181022
359,173067.9613265195
2059,111207.39911364345
2092,243155.16486451426
2516,259409.32956649596
150,114810.28168208897
1656,140845.9956974478
83,98748.93828965002
2411,194654.48071225407
795,76511.43276625942
2312,242156.90240245615
2917,89826.65255139396
1624,198156.8661530076
2215,324844.7586236079
1211,152531.88379824487
1485,153874.89201949537
1024,166196.49243734078
570,191220.75832294766
2874,130606.37602645741
700,171087.95949704782
2756,233462.78327410528
2022,196809.4277495579
583,223904.84601123957
2392,305141.5489075212
2424,224994.60928517533
212,122379.04331634124
736,126059.32746923389
1610,171987.77339620143
890,107855.42654850101
467,179907.57972055115
578,282538.3178762358
1747,200226.51634700084
1149,176437.17840832635
2758,240069.3149650572
857,123627.68331863428
2219,286110.33627331094
733,115258.5701209309
2909,125155.14281655522
1798,261946.1561146595
235,100966.77797806589
2366,131098.42438631598
1027,124065.87147203647
1195,124345.51253716741
1303,-12722.685421143426
148,186314.96497567394
608,142148.37954123644
2515,211979.87299680035
821,269000.1308093108
2500,281795.25383504294
745,114634.06400848133
741,130799.75452577532
1611,135397.53495984338
2532,117603.26958042476
1081,227818.814044978
1692,350982.9957874564
2520,199938.77690385538
276,174445.5542333913
1992,129224.32433411665
663,1542.0415366129018
418,157293.8899347596
1733,191326.98114834726
2359,155687.3666158514
253,212641.5223496186
1518,176485.4083469545
2035,135424.3082454661
2919,84997.83131830837
1540,232185.28188201855
2120,139060.31004953082
1674,193472.02174543194
256,149363.08010920463
2361,86738.66303768964
978,66839.38267023675
2280,156377.61844268977
2095,232130.39832173707
1709,286066.0754623064
2801,240828.45939722774
1246,99333.06361851469
2373,124993.42432112526
1055,264255.80585670634
2017,109059.12005218118
1099,270743.76999062486
1344,104333.51330738305
835,177675.09612667048
1117,228834.84967077966
2043,87560.26299417135
2085,133796.73172970815
410,166062.50179727725
2650,115889.84128215932
2867,168164.62186391233
1668,117701.76493967045
1161,188504.42736254307
2122,177847.0606429889
2539,131294.65479050972
1047,154783.28204885125
1445,120924.00752516859
541,153508.1716158702
569,231189.39837723318
1276,119393.19309014594
918,151929.04022575845
326,169755.18690713192
1936,120613.9676423578
895,80472.50479162089
257,135537.89202217502
1241,184802.14709128812
1545,131183.5276999541
1189,177395.27012743545
270,153874.89201949537
2066,210973.71509588463
693,102518.97177720489
1259,128450.0918562049
2916,154429.24954125122
2321,274023.19125457713
1977,100286.96412078897
1895,172108.90151697118
1240,158524.89224708756
85,139343.3090937161
1823,102547.02433094592
825,286344.565407705
110,230302.8601660207
697,118003.70162634505
2297,104605.65734741511
1231,127575.24604466255
1355,137737.60487405094
968,308350.8073310093
584,230389.9351622439
1315,130629.217742356
1606,120283.82478126092
206,101007.08024132485
1685,306798.54148819647
2016,134830.82962345425
869,225949.78290952812
2135,114926.80785949063
2346,166725.55682257214
2430,233632.86259348528
2198,81847.98188150465
2652,107953.42093679076
27,88269.37691210909
241,188141.43458407535
906,109834.81449801265
1506,108473.48697424936
2098,317162.8201010511
1435,221016.4255818983
2213,127924.28526437795
1274,138166.83164844755
743,17259.7546658183
1737,220688.9383305763
2797,269203.3713221734
2185,101293.76571610756
58,198318.7502133043
830,211504.65508405957
808,172749.33615819225
680,165393.02506685187
1153,110612.12149581383
1291,147124.94535279227
1818,212668.72853285447
2161,203694.17251182557
1883,120194.69164166879
350,342524.42877318524
2473,178922.14366960968
295,179595.5954235182
293,227221.41845520935
859,111050.77549381927
288,38125.641190502094
1578,154195.10754809203
102,178434.79211011366
2831,199132.3934135395
1030,186010.73314510356
2551,135756.94936493295
1286,132146.9986919046
958,290793.18947644904
776,117334.82972992142
72,207261.90231476282
2263,263320.36960011674
1866,150589.42732493137
2876,45931.02774911211
2146,276613.00785528263
103,193989.01188752777
1500,173586.19707753486
492,190588.95146660763
167,129549.05420756526
2597,111146.86970554176
2685,102497.99527272815
1035,148208.3168536122
1220,37913.441794332815
2602,137823.04668508796
2159,226527.12492613867
695,159939.20495320694
1109,244019.413307101
640,171464.37621951848
1652,152299.23592780856
2090,195707.62273770315
1188,205883.10211344482
2345,253958.19347900897
1059,350984.83360571763
2751,243282.6990214456
128,228952.9373029368
1523,165238.9383010331
2925,145185.8376655709
2145,298133.72641502135
1121,246716.08399217925
566,297569.98676469526
565,220612.43542880332
1331,142657.50500069465
2928,133313.40517068002
156,133617.72361820354
797,165085.4084907705
327,86985.09518076689
2859,143880.9091526859
1453,103907.44407986174
1762,310477.6906475567
1868,225244.00144034997
1760,192141.26900319592
1113,262913.0672917003
1812,195691.77090776782
117,172121.52504158998
1142,219193.06302846433
2342,321464.8109132983
927,120217.02792218002
2478,198986.10787400673
655,49679.48220902006
2064,111158.15143402037
369,235521.6310966981
2239,121736.20817080745
2732,216387.5728383325
1653,168604.51430777134
959,219208.04603789188
2395,297739.0316943056
1412,113038.03935627802
271,268919.53144009877
1484,153874.89201949537
1497,132714.03689661808
552,191044.1584202554
2,106485.4104415502
1855,289714.09577159747
4,260335.04607989057
2292,153525.5831435353
134,133483.21483381512
646,88792.93574168207
42,295782.83368692757
532,236471.3073649616
713,103949.53288640897
2561,127073.88866747823
2360,128792.71267943364
1333,126020.49701151648
1407,206375.2554877221
2892,259771.7851448825
574,243369.52000493184
1227,203616.36574564665
2591,243421.20222784043
1476,226865.48179835454
1125,260452.24827704136
1446,124652.68075373629
408,122292.14751040214
1101,271252.81567941373
2251,175824.35443470906
373,206854.1155439783
2554,110668.1624022685
2382,265329.9697430865
1985,65149.71896298579
519,242790.01963476674
1093,199382.14098901302
864,269611.4619067479
2889,149255.7041690033
2308,180456.45867226762
986,146044.7242053512
1302,126076.2877199417
585,153652.49858072004
2708,158168.61117901793
147,131522.86237046798
1441,230472.93948540068
383,168894.74450292997
285,171748.0110627825
181,115227.06945608207
358,168910.397683084
780,203094.90413983283
258,213357.76980406465
1865,225260.55794895114
692,143320.30624215514
2902,301177.2581738266
508,274612.7483488489
2638,147056.6281261996
36,165097.71033352544
611,178146.7173549591
2281,97068.69413072057
1678,143674.6320640177
1696,369731.54563713353
1557,76771.94876736659
2180,153407.461788618
1726,241653.15236920794
951,142622.61071318574
267,237735.61656363448
2706,131249.96447055554
2221,221989.9077676332
1357,182755.6741911075
2901,295394.56131490855
347,212283.73270801431
2164,206608.1468021085
1586,289247.5548263774
360,175671.82147111674
1769,236664.93060477357
2617,200117.95161031466
1879,179225.67116606305
991,239267.89639153564
1535,118616.82200615294
1191,171129.00750548253
1579,212903.4340701911
1882,146189.7714099295
1510,115104.05857906188
2196,183988.61794788623
1845,178434.79211011366
2336,335017.2855888107
942,90991.23274684488
861,112763.7749449464
2555,85592.56642227108
1392,143262.77569816168
2099,270123.54237531405
1543,133655.18646907015
948,262417.0144720033
1239,163847.8028822178
22,184627.41267530667
2796,244079.28503579576
2747,179556.73441774375
92,277715.3821377207
210,171406.46276506362
1858,227011.3395959169
2228,203877.51264870563
447,235790.2057753238
827,242476.987201242
1649,219613.54582268442
682,144400.96251431387
2698,122793.24387068418
494,197656.3289258182
214,108991.82385311835
2441,255548.20293266792
2679,100723.13035431784
1336,111652.85172708961
465,201055.53077471466
1524,124728.73678030283
2543,101776.87746901251
631,124263.13960723137
2452,287505.5150625033
228,154771.90159745747
126,190326.48873538757
1092,222538.25887536234
1122,223728.8141110218
932,210725.7875971729
1980,81041.84506495157
2171,91590.36393049546
551,161726.21997099998
2768,175949.14190257574
2056,109627.43755960092
1159,343562.8070138502
2645,115185.23396996711
1174,193287.14264161466
2266,221295.65113875922
2462,353178.1748900362
1219,137446.06041990058
2922,210161.99649705482
118,138370.84253481054
474,203099.96878642635
2576,170224.57330423617
872,282182.0623733741
1077,243502.472913994
1536,139431.2010873896
1150,115293.74306923966
2341,283999.24691645266
1931,140012.42587110167
2785,118162.75521818735
2538,122978.66413092613
597,225467.96524316794
464,209320.3169931455
233,210358.1542560244
2169,113861.52455406613
2123,165604.6416018149
1867,168040.4535514086
137,275962.2623817553
515,229950.63575399504
933,133655.18646907015
2784,173559.1508503009
972,180174.4831442074
599,171374.89626935078
2614,125426.56863765605
2582,122405.8576217303
1409,157569.43863344728
175,71878.80021581752
352,249449.88966157334
976,77034.79612196749
2134,213889.15573740518
984,117026.02278075088
2396,315696.3540660541
1673,165999.4217408481
404,129111.16052385746
607,152779.5753247314
814,146727.20029306156
868,215868.12907177908
2271,203256.02290025586
1633,234403.53063637484
337,206264.57104539266
2765,166809.88085132767
1746,234859.20980921178
368,304376.6292403382
2806,222291.2361651298
1662,190819.43650516518
1234,201951.84286484402
1373,137909.85225629387
1672,87401.08432517573
1939,104977.03284764173
