Id,SalePrice
2658,146390.31708580302
2718,139461.34099752747
2414,249566.50202761346
1989,128885.92749391613
625,166488.6608887522
333,78768.33495637309
1327,102462.25286171888
858,141408.2138136935
95,212468.76805549045
1568,176844.66296596406
2482,178279.74810179358
1364,158266.4801556298
2584,166428.83815766638
818,221741.0837347356
2673,171337.65965928708
2089,140511.42686129722
1297,159173.97804598697
790,125719.99829379539
2616,178852.83557395916
720,243500.38650634862
222,139446.74507026875
557,126004.48490837682
1148,181441.56976767443
2766,201563.4414214366
534,230170.88851307728
1452,129550.66227813996
630,101327.5317420417
2648,112831.78667296201
125,164439.30399821512
1904,32096.099944846006
1670,92905.91546936461
756,69299.13585200417
717,196074.73613651283
1032,145653.81559979753
852,230534.16824674816
1731,239611.3871678426
2639,75882.09471010068
2071,82911.20842574665
1267,135563.48960969574
1851,220265.19762201887
567,180174.7515783629
2439,229901.1794436177
1898,135599.5349364042
647,150474.07976472098
2256,204290.74177806184
979,88515.65930632409
1444,231308.68823978957
2485,127398.22917170287
157,129424.50086621719
88,124402.0084048144
2003,116221.50212681596
186,228300.18445917068
1425,266458.0512051701
2695,126904.22094576468
738,105083.39670329541
395,177115.00957790506
1353,187046.60853072
1878,134913.4926915972
390,214452.44107591826
1456,227998.91994324885
1103,266973.460127532
1387,121838.1782657511
2070,150451.87224617612
1199,218192.14613958052
2479,178830.37190079433
501,262224.31335895136
2362,95173.3947635775
1718,178435.27901439078
2188,46986.55566342594
1483,178611.3305888218
2557,70212.24651544949
437,302023.2612920073
2224,206193.375966541
1628,224295.12888744404
397,132103.50260719704
587,193151.36540340376
971,173473.21922193817
2611,173702.31439793762
1887,124885.85302679485
2399,316220.3166551562
2148,225444.98203918955
304,156333.56082386558
1997,118062.77066416736
2817,87346.51167625375
1431,195845.5512123576
427,275737.66862865863
263,129814.3965705774
598,189308.3144428297
2895,269974.5592060096
687,167769.30386200268
1822,137146.6099862823
2191,94766.2332511628
179,163353.0090510858
1009,243235.29296369548
2010,125111.45632783498
1991,153107.3438393165
1411,125973.05303641595
1721,253902.00306222157
1144,187116.26476532524
593,260137.5145066788
575,271202.1195104411
1249,175288.43472176674
1604,136553.87196621601
1064,346093.08944685245
1923,169736.867380691
1988,120851.56983236049
2325,181108.54953524587
114,199301.8957938723
2700,172053.1188602515
217,98528.0141666159
343,174962.83213967155
386,257526.8131569503
2005,107208.36470307375
2908,176453.86473695165
1814,242126.75470964145
2446,401172.4779755669
208,115856.8930816279
1679,115337.98144225904
822,307288.1820185911
6,188709.98922630202
1781,347673.58362484816
2397,270770.852673071
2340,299377.0657429474
1618,198846.94824129064
2843,66050.70860953617
1061,309145.8045437895
2786,136164.1990662975
1935,138955.18480271904
1341,117277.74399039266
521,311580.4132087135
2136,136029.92902809673
996,186814.1861251858
227,137001.4293163271
135,185729.37520652195
1167,170068.98638567515
294,205484.14042894158
1776,231459.67250562494
540,237552.3884016953
1717,178430.14672253956
2303,147888.10476303357
116,181740.96255163534
127,136270.94046299183
1371,161468.3521043337
1014,215800.5360322981
1507,130678.0476621741
702,118223.54405328934
750,144447.68201138242
261,178327.3165730593
1559,75128.90326580266
577,229301.27438917593
2812,234343.75340106152
2080,164127.99896642077
1368,154454.32450428
2376,128709.90073560318
659,129969.19328001677
1235,119769.20976332901
332,77579.83839690138
1917,174301.52602504916
2094,229996.56750659144
1460,262852.0408194703
1471,196990.58992269821
1509,140527.0600362604
1922,139789.57554441062
433,350765.21072729165
460,296140.84411780536
1116,268667.5028471076
1137,202095.7671564708
53,212882.2885454325
2354,229783.1521438018
1475,228974.79738681763
1761,349546.1127459288
842,145248.25689982646
2739,135531.07218899496
2509,211596.3383415835
1007,226292.39517001458
2610,173186.93470271816
1952,102845.13856640761
2719,135799.4507617032
2921,78576.66049182985
1966,124374.09241259925
292,116789.96628588543
1204,207504.8749385574
1829,239882.25168821693
2419,228957.78409915837
391,174808.86338413577
798,154154.65937613766
481,226100.23908324097
193,199056.70794903697
555,129821.81247066031
899,51518.57313883887
2357,213483.4915208522
328,117370.0574023641
1356,166475.93153394712
1154,121982.71153487684
1730,194995.15629978175
2249,171071.30950028484
1119,266976.9503096654
2856,121045.54281572951
1394,146974.95661008288
2587,121677.90349486843
61,281243.2188818682
2661,192623.6308522903
2711,170077.18649754324
1147,184417.76141383965
757,154404.05722881597
2623,80051.0505857605
2378,156353.09791706188
1413,177705.82690659235
1722,258654.50531642383
1112,206535.40397206764
1623,186940.93976997514
1201,172444.4492826492
1513,83874.94390984974
957,732375.8182591922
1171,285172.29394664057
1145,217930.4454934541
2726,234232.9610665324
703,191231.49192606285
760,65925.35821897537
1964,136192.85227274185
2512,211010.14408278407
159,170086.69542689214
1281,160470.05498921825
468,198172.95710864523
290,150899.21390057087
665,116196.21707938076
1463,268311.1641466096
1792,230069.9189889545
923,141258.75386511674
500,225346.31439587963
1408,162363.26158706145
331,77744.44273206068
170,59045.21652988694
2192,85327.68472963781
2571,276207.8059373513
2314,196041.32367220556
2647,105201.9553931565
422,315511.21113920026
2457,295697.4632509046
1838,216582.7936315512
2805,282436.55205082684
1645,183490.00262200378
1711,271399.25018953567
2825,232847.29701056634
322,313494.6541982186
2103,268994.9758215704
342,171241.1477301931
600,85968.28688997822
488,185417.0012956711
1725,299499.03930138494
2246,256717.60277012456
2847,168816.7869433465
806,260159.4968322455
530,227458.26790540596
963,186687.58369923895
2678,34554.90676213207
171,87616.95003274409
2401,331205.5112856298
805,224428.3607335973
2259,202114.7621458735
1748,232651.09079418203
1361,162029.51430737623
1677,153537.1899738526
1406,163113.89645890077
2322,265355.9979078007
688,162143.07826171746
143,123069.06568166683
804,220932.73235541163
1214,166117.0445964511
2828,178103.25248597562
1999,155837.43860388186
2467,226525.0777616942
2665,181119.86775535357
1538,253916.74395277468
398,91017.75090522994
2822,151210.2392071432
2157,178280.40163540875
1856,156482.4830510117
1269,116246.24699064647
2570,123799.7351794145
2320,268618.95381649886
1517,158133.55552477436
2304,150707.75460054714
1312,122386.94430099102
2012,147410.70236244332
506,274510.19556091167
2865,172051.72792911285
2367,153951.9119097857
554,150687.82043697964
238,125466.94355117495
1954,127026.38972466241
2488,174276.52963234216
2291,81955.8152216901
1969,122663.94165115058
2725,147776.87713589647
1482,178611.3305888218
2763,228974.27854971413
503,221857.45351207233
1584,268795.0681515448
1531,151103.0199477726
2210,151831.6942173842
459,298802.4750701729
556,132035.3296549695
1347,105343.21894029458
1290,107075.79660228873
1388,126329.02074099286
1571,529417.7695753253
2754,223027.4208651079
765,141580.2949231814
2494,140875.6275729289
2870,142284.79915560957
7,250954.271942987
1114,239178.16458290536
2418,271315.04224090115
291,89359.17477446422
18,309732.5176396924
39,306262.15740488935
1001,252480.96551477257
2442,223848.5721485369
616,115518.45525179082
2680,76684.04044711031
1414,104279.95199634205
289,102264.19603507977
40,276551.03301608353
860,129348.93045403133
409,162648.2688386615
673,137276.8446379234
2427,213098.0713355817
2036,213347.56459845835
2564,129291.71537432261
642,126705.76932514529
1008,195459.51633575466
1908,126533.63656147325
2519,236241.10244313732
1369,125350.43034368055
2855,182115.53237448458
712,111248.91441910248
1943,96796.05845104693
1958,164053.54300186515
107,236922.53978354798
2295,206819.97418671392
704,111475.46372600482
676,128379.0476874758
259,185558.7620296711
93,261742.5006330316
106,256657.34576466167
2315,188007.6517225653
1050,131802.62541304878
1095,243738.37252429198
2709,137663.18387000484
758,186775.92815286387
1496,176379.33194100787
2370,152644.27506273426
2458,268504.94582077046
2733,88060.73401138559
161,222156.49679848342
726,163021.65282182442
845,223805.36263391632
947,264262.9462116377
2232,127324.01551596157
2563,156619.6063853912
2299,139074.15798306745
211,114608.53977118141
605,131820.09815485636
1478,270830.76386238425
2247,254618.4954029877
2274,196071.48299464816
2869,147986.07776235475
967,226592.93910095515
2656,58139.30799867853
667,170569.94589821226
1042,152677.05622186814
2023,160069.54862604674
2447,299128.5051713246
2055,165993.2468839303
2275,281706.7317935707
2204,196082.34112666536
1563,250821.22214119905
483,218821.3627116948
796,129025.25589700788
1526,171854.2743787507
2042,185348.2589485417
442,314211.6437258469
1693,276918.30349641
1468,220643.77036025445
1430,173695.24451065483
2605,117050.16082680249
1529,234248.1905828067
335,171633.02174039627
1287,137560.13507054327
31,114323.6711927614
1785,230191.99641838088
82,174039.09777983394
2620,92738.07604190323
252,233177.2100918839
721,57237.1165803601
2165,190412.95062006696
2316,192268.9225299767
775,135553.16013580095
1558,66040.46095642657
17,266774.8744039064
1022,225858.70800301805
925,108493.57795414212
438,270219.54626518255
1270,124139.00069145788
1272,125584.11184348911
215,100737.13673140237
266,227343.24741524237
2402,269809.64552597504
1250,117238.24788884958
1984,87906.39920454484
1279,122952.54994951724
377,224286.33829056448
1252,132346.8718990921
2156,261412.89240935992
499,268381.23942629667
1374,151790.63846519473
2898,224931.6369479805
401,100508.82710900437
2721,149360.41083543666
2078,181904.6677266186
2589,136211.08544651628
1946,165552.46484342264
1334,149771.52759863227
2781,238112.1198264414
431,348199.43579761777
576,236145.47243500268
1474,225031.72867417987
2254,209056.41493229044
2155,305260.3924875059
885,99250.7050774293
643,157504.19759456068
1944,138570.05854956235
480,229684.04736629524
2845,91905.35573928617
2387,278553.04232200293
2407,222803.23522618285
2527,175928.74119974277
2514,215265.55601926334
629,179942.60839348822
80,224087.76338538155
1876,134915.83528770576
1546,163987.38119270257
2518,180237.6866174998
2347,180041.9329480736
783,183548.6104985848
1322,7731.072951441398
194,65864.06016164552
1770,229904.36829763546
2143,138420.4917340586
1229,222470.8992591591
511,268219.42101414176
46,223138.98485848063
1348,181155.1908540919
2465,226223.90774500126
387,260924.22373083443
873,222211.95264572557
1918,119269.28617474786
2764,259644.01311416726
2184,132452.3647765743
934,159919.95080412063
1920,134261.3979823708
2631,164167.72342681873
1768,363808.9184319908
2040,75635.82476098929
1749,234784.0956858768
834,239572.28541553696
1457,228821.5552103629
79,173017.97606576432
2302,138784.51659402403
1817,141613.87797495327
2755,234140.4679254624
359,183825.4154615635
2059,131186.1276828138
2092,230590.98241793131
2516,258071.88969798526
150,126577.34274511517
1656,137253.96522184426
83,113377.01641116501
2411,194942.30204973137
795,94575.86690350529
2312,233586.72494024946
2917,114351.58770281705
1624,219559.6964440361
2215,249216.74374312314
1211,167186.0298724221
1485,178642.12433992885
1024,183789.75141562684
570,180250.26738520735
2874,145712.35278026504
700,101574.27861454268
2756,228744.793987334
2022,158753.2827481178
583,211524.09757889318
2392,309375.3078965915
2424,212344.18438093388
212,112127.78092025977
736,119762.2893755224
1610,137724.56363024167
890,97662.99548384058
467,199912.80404619873
578,248039.91438329616
1747,246134.15911478433
1149,180827.72326393216
2758,203301.17027279316
857,140737.71812721086
2219,243290.06654995237
733,146699.12293152767
2909,121506.01795613789
1798,265218.7065940964
235,80213.9087834591
2366,117781.79822625697
1027,134306.4572573488
1195,139962.4768191178
1303,5222.49145123479
148,165172.4797410929
608,132960.57993358443
2515,221852.27725002775
821,269072.85003236285
2500,274785.9092777063
745,120682.04487193585
741,109005.37441468216
1611,227955.3548804028
2532,133616.37174534122
1081,213458.41054974566
1692,314436.57473427476
2520,235933.16493206588
276,131582.45570055104
1992,128588.79721489351
663,-1741.4882553559728
418,192102.77863490744
1733,193992.72418627224
2359,175208.7671824142
253,225978.07319558726
1518,130390.47457327275
2035,153904.4600724572
2919,77632.31879121088
1540,218267.73805013788
2120,161217.42410517903
1674,176239.94462863926
256,169336.99440793565
2361,97717.54295084451
978,76747.41341299517
2280,180174.7395432616
2095,224065.8332766198
1709,271957.03479878814
2801,225838.4328158754
1246,128638.53666126705
2373,152644.27506273426
1055,275077.73536924436
2017,106499.78373299376
1099,261195.5970780938
1344,125734.8639777312
835,181480.5405156575
1117,237880.06574047543
2043,103259.89905663463
2085,128592.15597348113
410,155924.96651360206
2650,137233.35327355994
2867,168172.12590461667
1668,135812.162207581
1161,215783.14980677888
2122,190909.48789750342
2539,133231.449856502
1047,161237.3634464941
1445,138085.05903928843
541,163843.86762877018
569,179257.1689120019
1276,155445.15485822014
918,191879.24663429195
326,157483.7411663928
1936,137958.13398528204
895,82728.34216095344
257,153686.57177559286
1241,173201.06050925562
1545,159889.87494322914
1189,185645.20918984152
270,178105.22110358067
2066,146117.12671661866
693,121743.88315203623
1259,117143.99310870841
2916,147214.9939843912
2321,240661.0447223998
1977,101086.62434824591
1895,172431.33601532737
1240,162731.18513282738
85,144576.99299029727
1823,85885.65138325572
825,271840.7905426817
110,222763.77451305708
697,141869.16272240388
2297,128023.90932339954
1231,124656.2645934259
1355,128012.22226854437
968,315786.8863282411
584,218161.6195134055
1315,116439.21572565194
1606,140557.17658102303
206,126896.30224449292
1685,311127.88169278414
2016,120860.57900301635
869,230749.72450449807
2135,142873.4692157379
2346,199005.00934637967
2430,216055.20238526573
2198,117980.72060410667
2652,116708.37641199271
27,94259.78691327013
241,196522.09482841764
906,110069.62071467517
1506,142848.42608203902
2098,268000.94640496664
1435,222326.4355083641
2213,132267.1708710473
1274,154562.36292710179
743,-1098.5432556991
1737,228865.29897484812
2797,265240.7927906519
2185,82017.35648562002
58,220908.08001293056
830,224291.84819753864
808,133131.4449611199
680,125782.28001349606
1153,130381.35156619037
1291,156152.2217827083
1818,135969.8100968058
2161,226930.42494694935
1883,126912.01073301292
350,259431.63542558416
2473,202217.32574879378
295,149838.0319799137
293,161597.7963514902
859,150706.96299276012
288,34092.34480090812
1578,157053.76042907825
102,171966.25805771444
2831,174843.31621707138
1030,176943.27408613893
2551,132061.2719016691
1286,126614.00664058886
958,312329.72781898733
776,139371.58527308656
72,194145.1017094741
2263,270934.98214132024
1866,168643.3490459891
2876,72085.55536108592
2146,263752.6952787391
103,207013.4974008347
1500,177291.23400806356
492,227302.73266823823
167,122927.20107667812
2597,128633.42351013492
2685,106215.35634949734
1035,171025.72616895498
1220,41072.06357833347
2602,142912.71178176184
2159,224949.15592807252
695,148620.71286125993
1109,225967.9855283394
640,191019.547366519
1652,178397.65611785918
2090,216747.25381771754
1188,173754.63686286472
2345,236019.72869457724
1059,313004.19044088246
2751,233609.27571886417
128,138726.69747388246
1523,148474.1046859743
2925,166682.53815329878
2145,267867.1358209145
1121,264954.8273202963
566,211398.22912802896
565,231673.12328825635
1331,111241.12901438936
2928,150566.55381402432
156,140856.43196052266
797,144235.65200707782
327,79590.970223487
2859,181832.9694604046
1453,129601.98519665189
1762,268249.4761510667
1868,218516.32136821526
1760,189537.8794466775
1113,272553.7453534608
1812,191853.04296637606
117,171348.8528136023
1142,183256.3502446434
2342,325331.06563441735
927,123297.18554411246
2478,185125.30990064482
655,43007.780091403285
2064,128699.16128499084
369,245772.68474477483
2239,146893.32024151366
2732,207059.7171027679
1653,185773.8724957835
959,240505.12915137038
2395,271952.9150013721
1412,136940.43596477294
271,266833.9539264913
1484,178642.12433992885
1497,112482.64493262768
552,174208.400650308
2,133765.50389139005
1855,220431.78423729423
4,210232.10931956628
2292,179590.5429773397
134,119708.14109821804
646,90626.19732809323
42,307020.4569794978
532,225818.50065895054
713,80958.0030121922
2561,123518.18570667994
2360,150535.3428287116
1333,125021.09939367324
1407,253216.1383780602
2892,262837.27598994935
574,244461.09567882167
1227,174683.96684852988
2591,227601.34641559422
1476,225638.80768354377
1125,264412.62853815337
1446,135678.2631653014
408,115183.80494474573
1101,274821.10536392336
2251,155252.6188118551
373,217847.82313140202
2554,122325.79874201107
2382,282638.90658302756
1985,61467.65895335935
519,265610.0216037326
1093,191156.4760272142
864,271446.89059669804
2889,178390.06155107124
2308,132716.36569177685
986,160454.30671150517
1302,119660.62958994624
585,180769.64937337232
2708,176697.35034825525
147,130249.51297740347
1441,235595.0828789319
383,139742.56344453408
285,137250.6859918055
181,113042.1705333622
358,185381.05983995134
780,141150.2337443994
258,223465.2255614295
1865,167395.10455114767
692,153645.52908356907
2902,271439.68581625307
508,271556.8792883388
2638,122308.76666393015
36,156814.21770379262
611,173754.8885750356
2281,134101.33817518514
1678,153968.30248935265
1696,315078.1112156734
1557,77532.99091887893
2180,149740.34841212071
1726,258136.14383945358
951,175629.30350124533
267,223256.8301139312
2706,103192.02040000248
2221,190411.91213763587
1357,153289.8834286793
2901,277021.0532044226
347,220706.72256240342
2164,227317.54198579304
1586,271468.99220601516
360,178927.2028370793
1769,225113.37385454914
2617,207038.0287093151
1879,133784.89151359932
991,179780.31849208358
1535,117918.46739705745
1191,131896.10424137232
1579,237223.13238352304
1882,185194.50453594502
1510,89973.91284573055
2196,117836.78974800406
1845,170510.83835178742
2336,319634.7593071209
942,104910.30729861301
861,138832.1092268303
2555,72461.7994561079
1392,134286.99483942334
2099,266282.55957821617
1543,157505.46069159778
948,235997.8639182616
1239,140415.03403265937
22,212501.69530555594
2796,224096.76172423863
2747,184966.011396131
92,267199.05781424535
210,141894.68318775448
1858,241097.3612092554
2228,241221.90322649025
447,231220.8131925671
827,227533.98807656765
1649,218128.48277111189
682,123914.99980484787
2698,147430.26203215588
494,220805.53804689553
214,64161.34530736017
2441,236735.7723996375
2679,106451.66845892137
1336,121549.6280574759
465,232351.74155391194
1524,150258.98462252086
2543,126484.66580942948
631,123638.85394813772
2452,261664.47858105705
228,180771.75606514933
126,150506.3806410455
1092,224817.45203579753
1122,228253.52143016947
932,181554.11720923893
1980,83225.97476043424
2171,98452.8099727378
551,182437.6750505322
2768,176698.58497742133
2056,125940.55441497592
1159,299277.2851118739
2645,66391.09928056318
1174,206768.2637574016
2266,231319.76786080026
2462,312853.3665691712
1219,145156.71175568225
2922,183197.5504447132
118,131612.151876656
474,212780.28420692263
2576,170815.49453227222
872,272295.3539546719
1077,258188.99808950396
1536,155096.8855914201
1150,129013.95137100783
2341,271077.85924074415
1931,145711.8470248112
2785,135266.77457142016
2538,133032.38804930774
597,210124.45047444152
464,209220.66881220066
233,248820.00300734513
2169,133555.77794714028
2123,191725.59965363878
1867,175675.6864571222
137,239686.65358874388
515,228908.71571360575
933,156877.7486438402
2784,178625.04940122378
972,174905.69658851204
599,169661.1592446305
2614,159256.104712468
2582,133926.53523193987
1409,180724.5199417777
175,28178.309385809465
352,255698.80863448
976,86662.24232881935
2134,232641.92378548183
984,141295.46813820186
2396,309326.18012808403
1673,210978.87546476687
404,115735.1553228274
607,138589.18084187014
814,133187.90017148294
868,224938.87255394855
2271,182606.9082532007
1633,205056.17984297022
337,138576.88478860958
2765,200439.53822692123
1746,241601.80778265814
368,273224.87413997576
2806,226461.65069263522
1662,169823.42058860313
1234,191924.92385293287
1373,129868.12238107133
1672,97165.7177058527
1939,122614.07189080061
